6865.2
6474.1
6473.3
6217.2
6216.8
5055.6
4633.5
4296.3
4292.5
4268.2
4259.6
3951.3
3821.4
3819.5
3598.3
3431.5
3396.9
3380.4
3360.9
3358.6
3351.6
3302
3293.4
3287.5
3095.2
3080
3016.4
3007.2
2992.5
2965.5
2926
2921.4
2893.1
2886.5
2882
2808.4
2808
2801.5
2791.9
2773.3
2716.9
2703.8
2698.1
2685.1
2675.8
2673.9
2630.4
2614.2
2597
2575.7
2571.3
2524.3
2489.7
2486.4
2478.6
2421.8
2416.2
2345.6
2341.7
2297.3
2287.2
2276
2165.2
2138.3
1993.6
1962.9
1957.8
1930
1928.6
1867.9
1757.3
1725.2
1719.3
1668.8
1665.1
1541.3
1530
1438.2
1375.5
1310.5
1275.5
1183.8
1180.6
1173.7
1025.8
