6865.2
6653.3
6552.5
6522.6
6503.1
6474.1
6473.3
6253.3
6217.2
6216.8
6160.8
6142.1
5923.3
5579.1
5575.2
5529
5433.2
5395.6
5229.5
5128.8
5055.6
4965.9
4677.1
4648
4633.5
4579.1
4542.8
4534.3
4504.5
4502.3
4421.1
4361.8
4296.3
4292.5
4268.2
4259.6
4197.8
4146.2
4140.6
4097.7
4094.9
4003.7
3984.2
3979.8
3960.4
3951.3
3943.8
3912.9
3907
3873.8
3839.2
3834
3827.7
3821.4
3819.5
3786.6
3784.9
3776.6
3771.6
3760.1
3726.6
3724.8
3710.6
3699.5
3671.6
3639.6
3637.7
3598.3
3573
3559.5
3555.9
3552.1
3522.9
3518.7
3503.8
3467.5
3442.8
3434.4
3431.5
3429.7
3420.5
3396.9
3380.4
3373.3
3360.9
3358.6
3351.6
3327.4
3322.3
3310.3
3304.5
3302
3293.4
3287.5
3275.8
3268.3
3261.5
3260.3
3252.8
3237.3
3236
3213.4
3204.6
3197.5
3195.3
3158.5
3143.8
3130.6
3117.7
3113.1
3111.8
3095.2
3089.7
3080
3072.2
3071.8
3071.5
3061.7
3056.5
3053.3
3016.4
3007.2
3007.2
2992.5
2980.9
2972.6
2971.5
2965.5
2926
2921.4
2920.1
2911.2
2902
2898.8
2893.7
2893.1
2887.3
2886.5
2882
2878.7
2876.9
2822.3
2819.9
2815.6
2808.4
2808
2803.6
2801.5
2791.9
2781.3
2773.3
2754.4
2732.4
2716.9
2709.8
2703.8
2703.2
2698.1
2685.1
2676.7
2675.8
2674.8
2673.9
2670.6
2660.3
2657.8
2630.4
2619.6
2617.8
2614.2
2612.5
2599.9
2598.6
2597
2575.7
2571.3
2568.1
2549.4
2539
2535.3
2527.6
2524.3
2504
2501.1
2497.8
2496.9
2489.7
2486.4
2478.6
2421.8
2416.2
2407
2406.7
2345.6
2341.7
2297.3
2287.2
2283
2276
2263
2257.2
2237.2
2219.4
2204.6
2198.1
2165.2
2160
2155
2138.3
2133.1
2129.9
2111.6
2091.5
2051.1
2009.3
1993.6
1968.1
1966.8
1962.9
1957.8
1942.5
1930
1928.6
1887.9
1874.8
1873.1
1867.9
1847.4
1844.2
1834.6
1823.4
1815.7
1767.7
1763.5
1757.3
1725.2
1719.3
1675.3
1668.8
1665.1
1606.7
1546
1541.3
1538.1
1530
1464.9
1459.8
1441.3
1438.2
1392.9
1375.5
1333.8
1310.5
1275.5
1233.9
1183.8
1180.6
1178.2
1173.7
1144.3
1085.2
1025.8
911.95
656.44
